639
664
667
668
671
685
694
701
707
711
718
721
723
726
728
747
751
752
754
756
758
794
807
814
815
825
826
842
845
861
874
884
885
886
894
906
913
916
925
949
950
951
952
955
958
959
961
963
964
966
969
970
971
972
973
974
975
976
977
978
979
980
981
983
985
986
987
990
992
994
995
1000
1001
1002
1003
1005
1006
1007
1008
1009
1010
1012
1013
1014
1015
1016
1017
1019
1020
1021
1023
1024
1027
1028
1029
1031
1033
1034
1036
1038
1039
1040
1041
1042
1043
1044
1045
1046
1047
1048
1052
1054
1055
1056
1057
1058
1060
1062
1064
1065
1072
1073
1074
1075
1076
1078
1079
1083
1084
1085
1086
1087
1088
1089
1090
1092
1093
1094
1095
1096
1097
1098
1099
1100
1102
1105
1106
1107
1109
1111
1113
1115
1117
1118
1119
1120
1121
1122
1123
1125
1126
1127
1129
1130
1131
1132
1135
1137
1138
1139
1140
1141
1143
1148
1149
1151
1153
1154
1155
1156
1158
1159
1162
1163
1164
1166
1167
1168
1170
1171
1172
1173
1176
1177
1178
1180
1182
1183
1184
1186
1187
1191
1192
1195
1196
1198
1199
1201
1202
1203
1204
1205
1206
1207
1210
1212
1215
1216
1218
1219
1221
1222
1224
1226
1227
1228
1229
1232
1233
1234
1235
1236
1237
1238
1241
1243
1244
1245
1246
1247
1248
1251
1252
1253
1257
1259
1262
1264
1265
1266
1267
1269
1270
1271
1273
1275
1276
1277
1279
1280
1281
1282
1283
1284
1285
1286
1287
1288
1289
1290
1292
1293
1297
1298
1299
1301
1302
1303
1305
1306
1307
1308
1310
1311
1314
1315
1316
1317
1318
1323
1324
1325
1326
1327
1328
1329
1330
1332
1334
1337
1338
1339
1340
1341
1342
1343
1345
1347
1348
1349
1350
1351
1354
1355
1356
1358
1359
1363
1364
1365
1366
1367
1369
1370
1371
1372
1374
1376
1377
1381
1382
1384
1385
1388
1725
1732
1747
1760
1787
1802
1824
1831
6209
6213
6217
6221
6223
6225
6232
6234
6236
6237
6248
6249
6251
6253
6257
6262
6267
6273
6276
6277
6279
6282
6287
6292
6293
6295
6298
6303
6305
6309
6319
6320
6331
6333
6335
6336
6345
6346
6347
6348
6349
6352
6354
6361
6364
6369
6375
6376
6390
6419
6420
6422
6434
6441
6442
6446
6450
6458
6460
6462
6463
6467
6478
6484
6488
6491
6493
6495
6499
6501
6560
6561
6562
6563
6565
6566
6567
6568
6571
6572
6574
6575
6577
6578
6579
6581
6582
6584
6585
6586
6587
6588
6589
6590
6591
6593
6594
6595
6600
6602
6603
6604
6605
6606
6608
6610
6612
6613
6614
6615
6617
6618
6619
6621
6622
6624
6626
6629
6632
6634
6635
6638
6639
6642
6643
6646
6648
6649
6650
6651
6652
6655
6657
6658
6659
6661
6662
6663
6664
6665
6667
6669
6674
6675
6677
6683
6686
6687
6688
6689
6691
6693
6694
6695
6696
6698
6699
6701
6702
6703
6704
6705
6706
6707
6708
6710
6711
6712
6713
6714
6715
6716
6717
6719
6720
6721
6722
6723
6724
6725
6727
6729
6730
6732
6733
6734
6738
6740
6741
6742
6744
6745
6746
6748
6750
6753
6754
6755
6756
6760
6761
6762
6764
6766
6767
6768
6769
6770
6771
6772
6774
6775
6776
6777
6778
6779
6781
6784
6786
6787
6789
6792
6794
6796
6797
6798
6799
6800
6804
6805
6807
6808
6810
6811
6812
6813
6817
6818
6819
6820
6821
6822
6823
6824
6826
6828
6829
6831
6832
6833
6834
6837
6840
6841
6842
6844
6846
6847
6848
6851
6853
6854
6856
6858
6859
6860
6861
6862
6863
6865
6866
6868
6869
6870
6871
6873
6874
6875
6876
6877
6878
6879
6880
6881
6882
6883
6884
6885
6886
6887
6889
6893
6894
6896
6898
6899
6900
6901
6903
6904
6905
6906
6908
6909
6910
6911
6912
6915
6917
6918
6919
6920
6921
6924
6926
6928
6929
6930
6932
6933
6934
6935
6937
6938
6939
6940
6941
6942
6943
6944
6945
6946
6947
6950
6951
6952
6954
6955
6956
6957
6958
6959
6960
6961
6962
6963
6965
6967
6968
6969
6971
6973
6974
6975
6977
6978
6980
6981
6982
6983
6985
6986
6987
6988
6990
6991
6992
6993
6995
6996
6997
6998
6999
7002
7006
7007
7008
7009
7010
7011
7012
7014
7015
7017
7021
7023
7024
7027
7028
7029
7030
7031
7032
7033
7034
7035
7037
7038
7039
7041
7042
7046
7047
7048
7050
7055
7056
7057
7058
7060
7061
7062
7064
7065
7066
7067
7069
7070
7071
7073
7074
7075
7078
7079
7081
7084
7085
7086
7087
7088
7090
7091
7092
7093
7094
7096
7097
7099
7100
7102
7103
7104
7106
7107
7109
7110
7111
7112
7113
7114
7115
7116
7117
7120
7121
7122
7123
7124
7125
7126
7128
7129
7130
7131
7134
7135
7136
7139
7141
7143
7144
7145
7146
7147
7148
7151
7152
7153
7155
7156
7160
7161
7165
7171
7172
7173
7174
7175
7178
7180
7182
7183
7185
7186
7187
7190
7191
7192
7193
7195
7197
7198
7199
7201
7205
7206
7207
7211
7213
7214
7217
7219
7220
7222
7223
7224
7225
7226
7229
7230
7231
7232
7233
7234
7235
7237
7238
7239
7241
7242
7244
7250
7252
7253
7254
7256
7257
7258
7259
7261
7263
7266
7268
7271
7272
7273
7274
7276
7277
7278
7280
7281
7282
7283
7284
7285
7286
7287
7288
7289
7291
7292
7295
7296
7297
7298
7299
7300
7301
7302
7304
7305
7306
7309
7310
7311
7313
7315
7318
7319
7320
7322
7323
7324
7330
7332
7336
7339
7344
7345
7346
7347
7349
7350
7351
7352
7353
7354
7355
7356
7357
7358
7360
7362
7363
7365
7367
7370
7373
